A = [	5 -1  0  0 -1; 
       -1  5 -1  0  0 ;
	0 -1  5 -1  0; 
       -1 -1  0  0  0; 
 	0  0  0  -1 5 ];
S = 19;
U = 21;
P = 16;
E = 5;
R = 18;
L = 12;
A = [  	S	0  	U   	U  	0; 
       	L  	U  	0  	0  	0 ;
	0  	L  	P 	0  	0; 
       	0 	0 	0   	E  	U; 
 	L  	L  	0  	0  	R ]
